 370261, 370262, 370263, 370264, 370265, 370266, 370267, 370268, 370269, 370270, 370271, 370272, 370273, 370274, 370275, 370276, 370277, 370278, 370279,
 370280, 370281, 370282, 370283, 370284, 370285, 370286, 370287, 370288, 370289, 370290, 370291, 370292, 370293, 370294, 370295, 370296, 370297, 370298,
 370299, 370300, 370301, 370302, 370303, 370304, 370305, 370306, 370307, 370308, 370309, 370310, 370311, 370312, 370313, 370314, 370315, 370316, 370317,
 370318, 370319, 370320, 370321, 370322, 370323, 370324, 370325, 370326, 370327, 370328, 370329, 370330, 370331, 370332, 370333, 370334, 370335, 370336,
 370337, 370338, 370339, 370340, 370341, 370342, 370343, 370344, 370345, 370346, 370347, 370348, 370349, 370350, 370351, 370352, 370353, 370354, 370355,
 370356, 370357, 370358, 370359, 370360, 370361, 370362, 370363, 370364, 370365, 370366, 370367, 370368, 370369, 370370, 370371, 370372, 370373,
Od: 370261do: 370373, koniec ciagu, jego dlugosc to: 110


 492113, 492114, 492115, 492116, 492117, 492118, 492119, 492120, 492121, 492122, 492123, 492124, 492125, 492126, 492127, 492128, 492129, 492130, 492131,
 492132, 492133, 492134, 492135, 492136, 492137, 492138, 492139, 492140, 492141, 492142, 492143, 492144, 492145, 492146, 492147, 492148, 492149, 492150,
 492151, 492152, 492153, 492154, 492155, 492156, 492157, 492158, 492159, 492160, 492161, 492162, 492163, 492164, 492165, 492166, 492167, 492168, 492169,
 492170, 492171, 492172, 492173, 492174, 492175, 492176, 492177, 492178, 492179, 492180, 492181, 492182, 492183, 492184, 492185, 492186, 492187, 492188,
 492189, 492190, 492191, 492192, 492193, 492194, 492195, 492196, 492197, 492198, 492199, 492200, 492201, 492202, 492203, 492204, 492205, 492206, 492207,
 492208, 492209, 492210, 492211, 492212, 492213, 492214, 492215, 492216, 492217, 492218, 492219, 492220, 492221, 492222, 492223, 492224, 492225, 492226,
 492227,
Od: 492113do: 492227, koniec ciagu, jego dlugosc to: 112